# boss

# part 1 (0 - 5880)

    # move

        enemy 0
        500 0 100 75 vector
        0 0 0
        1 0
        3boss 100
        0 0

        enemy 120
        100 75 0 0
        0 0 0
        3 0
        3boss 100
        0 0

    # arcs

        # arc 1

            enemy 480
            100 75 450 300 vector
            0 0 0
            1 0
            3boss 100
            0 0

            enemy 600
            450 300 0 0
            0 0 0
            3 0
            3boss 100
            0 0

            circ 720 10 0
            450 300 100 0
            90 12 50
            8 0
            06black 20
            0 0

            circ 750 10 0
            450 300 100 0
            90 12 50
            8 0
            06black 20
            0 0

            circ 780 10 0
            450 300 100 0
            90 12 50
            8 0
            06black 20
            0 0

            rep 720 20 6
            450 300 100 0
            0 0 40 homing
            8 0
            07lime 20
            0 0

        # arc 2

            enemy 960
            450 300 75 200 vector
            0 0 0
            1 0
            3boss 100
            0 0

            enemy 1080
            75 200 0 0
            0 0 0
            3 0
            3boss 100
            0 0

            circ 1200 10 0
            75 200 100 0
            95 -12 50
            8 0
            06black 20
            0 0

            circ 1230 10 0
            75 200 100 0
            95 -12 50
            8 0
            06black 20
            0 0

            circ 1260 10 0
            75 200 100 0
            95 -12 50
            8 0
            06black 20
            0 0

            rep 1200 20 6
            75 200 100 0
            0 0 40 homing
            8 0
            07lime 20
            0 0

        # arc 3

            enemy 1440
            75 200 400 100 vector
            0 0 0
            1 0
            3boss 100
            0 0

            enemy 1560
            400 100 0 0
            0 0 0
            3 0
            3boss 100
            0 0

            circ 1680 10 0
            400 100 100 0
            70 12 50
            8 0
            06black 20
            0 0

            circ 1710 10 0
            400 100 100 0
            70 12 50
            8 0
            06black 20
            0 0

            circ 1740 10 0
            400 100 100 0
            70 12 50
            8 0
            06black 20
            0 0

            rep 1680 20 6
            400 100 100 0
            0 0 40 homing
            8 0
            07lime 20
            0 0

    # rain (1920 - 4440)

        enemy 1920
        400 100 250 100 vector
        0 0 0
        1 0
        3boss 100
        0 0

        enemy 2040
        250 100 0 0
        0 0 0
        20 0
        3boss 100
        0 0

        rep 2160 4 10
        200 0 300 0
        73 0 0
        3 0
        06aqua 25
        0 0

        rep 2190 4 10
        480 0 300 0
        104 0 0
        3 0
        06aqua 25
        0 0

        rep 2220 4 10
        300 0 300 0
        93 0 0
        3 0
        06aqua 25
        0 0

        rep 2250 4 10
        75 0 300 0
        77 0 0
        3 0
        06aqua 25
        0 0

        rep 2280 4 10
        350 0 300 0
        98 0 0
        3 0
        06aqua 25
        0 0

        rep 2310 4 10
        359 0 300 0
        104.82 0 0
        3 0
        06aqua 25
        0 0

        rep 2340 4 10
        152 0 300 0
        69.27 0 0
        3 0
        06aqua 25
        0 0

        rep 2370 4 10
        130 0 300 0
        92.57 0 0
        3 0
        06aqua 25
        0 0

        rep 2400 4 10
        280 0 300 0
        91.89 0 0
        3 0
        06aqua 25
        0 0

        rep 2430 4 10
        68 0 300 0
        90.56 0 0
        3 0
        06aqua 25
        0 0

        rep 2460 4 10
        356 0 300 0
        111.16 0 0
        3 0
        06aqua 25
        0 0

        rep 2490 4 10
        257 0 300 0
        80.85 0 0
        3 0
        06aqua 25
        0 0

        rep 2520 4 10
        83 0 300 0
        60.13 0 0
        3 0
        06aqua 25
        0 0

        rep 2550 4 10
        92 0 300 0
        93.76 0 0
        3 0
        06aqua 25
        0 0

        rep 2580 4 10
        198 0 300 0
        80.81 0 0
        3 0
        06aqua 25
        0 0

        rep 2610 4 10
        54 0 300 0
        69.9 0 0
        3 0
        06aqua 25
        0 0

        rep 2640 4 10
        398 0 300 0
        130.77 0 0
        3 0
        06aqua 25
        0 0

        rep 2670 4 10
        100 0 300 0
        53.35 0 0
        3 0
        06aqua 25
        0 0

        rep 2700 4 10
        61 0 300 0
        74.14 0 0
        3 0
        06aqua 25
        0 0

        rep 2730 4 10
        395 0 300 0
        103.18 0 0
        3 0
        06aqua 25
        0 0

        rep 2760 4 10
        366 0 300 0
        110.46 0 0
        3 0
        06aqua 25
        0 0

        rep 2790 4 10
        284 0 300 0
        117.42 0 0
        3 0
        06aqua 25
        0 0

        rep 2820 4 10
        430 0 300 0
        111.68 0 0
        3 0
        06aqua 25
        0 0

        rep 2850 4 10
        376 0 300 0
        113.73 0 0
        3 0
        06aqua 25
        0 0

        rep 2880 4 10
        249 0 300 0
        93.42 0 0
        3 0
        06aqua 25
        0 0

        rep 2910 4 10
        387 0 300 0
        125.2 0 0
        3 0
        06aqua 25
        0 0

        rep 2940 4 10
        282 0 300 0
        115.45 0 0
        3 0
        06aqua 25
        0 0

        rep 2970 4 10
        424 0 300 0
        88.78 0 0
        3 0
        06aqua 25
        0 0

        rep 3000 4 10
        341 0 300 0
        75.86 0 0
        3 0
        06aqua 25
        0 0

        rep 3030 4 10
        304 0 300 0
        104.35 0 0
        3 0
        06aqua 25
        0 0

        rep 3060 4 10
        102 0 300 0
        96.52 0 0
        3 0
        06aqua 25
        0 0

        rep 3090 4 10
        171 0 300 0
        68.54 0 0
        3 0
        06aqua 25
        0 0

        rep 3120 4 10
        344 0 300 0
        112.24 0 0
        3 0
        06aqua 25
        0 0

        rep 3150 4 10
        352 0 300 0
        87.72 0 0
        3 0
        06aqua 25
        0 0

        rep 3180 4 10
        220 0 300 0
        79.12 0 0
        3 0
        06aqua 25
        0 0

        rep 3210 4 10
        241 0 300 0
        104.86 0 0
        3 0
        06aqua 25
        0 0

        rep 3240 4 10
        383 0 300 0
        98.71 0 0
        3 0
        06aqua 25
        0 0

        rep 3270 4 10
        109 0 300 0
        72.94 0 0
        3 0
        06aqua 25
        0 0

        rep 3300 4 10
        287 0 300 0
        89.54 0 0
        3 0
        06aqua 25
        0 0

        rep 3330 4 10
        221 0 300 0
        69.46 0 0
        3 0
        06aqua 25
        0 0

        rep 3360 4 10
        147 0 300 0
        72.32 0 0
        3 0
        06aqua 25
        0 0

        rep 3390 4 10
        440 0 300 0
        134.54 0 0
        3 0
        06aqua 25
        0 0

        rep 3420 4 10
        405 0 300 0
        113.99 0 0
        3 0
        06aqua 25
        0 0

        rep 3450 4 10
        347 0 300 0
        78.53 0 0
        3 0
        06aqua 25
        0 0

        rep 3480 4 10
        64 0 300 0
        69.23 0 0
        3 0
        06aqua 25
        0 0

        rep 3510 4 10
        131 0 300 0
        79.15 0 0
        3 0
        06aqua 25
        0 0

        rep 3540 4 10
        444 0 300 0
        86.64 0 0
        3 0
        06aqua 25
        0 0

        rep 3570 4 10
        126 0 300 0
        101.61 0 0
        3 0
        06aqua 25
        0 0

        rep 3600 4 10
        414 0 300 0
        100.06 0 0
        3 0
        06aqua 25
        0 0

        rep 3630 4 10
        281 0 300 0
        106.81 0 0
        3 0
        06aqua 25
        0 0

        rep 3660 4 10
        342 0 300 0
        82.48 0 0
        3 0
        06aqua 25
        0 0

        rep 3690 4 10
        165 0 300 0
        61.62 0 0
        3 0
        06aqua 25
        0 0

        rep 3720 4 10
        358 0 300 0
        104.86 0 0
        3 0
        06aqua 25
        0 0

        rep 3750 4 10
        341 0 300 0
        82.08 0 0
        3 0
        06aqua 25
        0 0

        rep 3780 4 10
        350 0 300 0
        108.57 0 0
        3 0
        06aqua 25
        0 0

        rep 3810 4 10
        61 0 300 0
        67.78 0 0
        3 0
        06aqua 25
        0 0

        rep 3840 4 10
        122 0 300 0
        78.82 0 0
        3 0
        06aqua 25
        0 0

        rep 3870 4 10
        186 0 300 0
        62.91 0 0
        3 0
        06aqua 25
        0 0

        rep 3900 4 10
        91 0 300 0
        54.08 0 0
        3 0
        06aqua 25
        0 0

        rep 3930 4 10
        392 0 300 0
        93.6 0 0
        3 0
        06aqua 25
        0 0

        rep 3960 4 10
        341 0 300 0
        83.62 0 0
        3 0
        06aqua 25
        0 0

        rep 3990 4 10
        261 0 300 0
        72.46 0 0
        3 0
        06aqua 25
        0 0

        rep 4020 4 10
        329 0 300 0
        103.06 0 0
        3 0
        06aqua 25
        0 0

        rep 4050 4 10
        380 0 300 0
        119.16 0 0
        3 0
        06aqua 25
        0 0

        rep 4080 4 10
        140 0 300 0
        66.14 0 0
        3 0
        06aqua 25
        0 0

        rep 4110 4 10
        348 0 300 0
        101.16 0 0
        3 0
        06aqua 25
        0 0

        rep 4140 4 10
        262 0 300 0
        110.48 0 0
        3 0
        06aqua 25
        0 0

        rep 4170 4 10
        214 0 300 0
        88.87 0 0
        3 0
        06aqua 25
        0 0

        rep 4200 4 10
        250 0 300 0
        111.65 0 0
        3 0
        06aqua 25
        0 0

        rep 4230 4 10
        190 0 300 0
        86.5 0 0
        3 0
        06aqua 25
        0 0

        rep 4260 4 10
        327 0 300 0
        92.55 0 0
        3 0
        06aqua 25
        0 0

        rep 4290 4 10
        71 0 300 0
        66.53 0 0
        3 0
        06aqua 25
        0 0

        rep 4320 4 10
        309 0 300 0
        107.35 0 0
        3 0
        06aqua 25
        0 0

        rep 4350 4 10
        424 0 300 0
        119.68 0 0
        3 0
        06aqua 25
        0 0

        rep 4380 4 10
        132 0 300 0
        90.12 0 0
        3 0
        06aqua 25
        0 0

        rep 4410 4 10
        336 0 300 0
        91.8 0 0
        3 0
        06aqua 25
        0 0

        rep 4440 4 10
        346 0 300 0
        92.17 0 0
        3 0
        06aqua 25
        0 0

    # circle (4440 - 5880)

        enemy 4440
        250 100 0 0
        0 0 0
        12 0
        3boss 100
        0 0

        circ 4440 288 5
        250 100 250 -50
        0 5 50
        5 0
        09dred 20
        0 0

        circ 4440 288 5
        250 100 250 -50
        180 5 50
        5 0
        09dred 20
        0 0

        circ 4440 144 10
        250 100 250 -50
        90 3 50
        5 0
        09dred 20
        0 0

        circ 4440 144 10
        250 100 250 -50
        270 3 50
        5 0
        09dred 20
        0 0

    # burst (2440 - 5880)

        bullet 240
        100 75 250 300 vector
        0 0 0
        3 0
        02black 100
        0 0

        bullet 600
        250 300 0 0
        56.3 1 0
        45 0
        02black 100
        0 0

        rep 600 900 6
        250 300 100 0
        0 0 180
        4 0
        02red 20
        0 0

        rep 600 900 6
        250 300 100 0
        0 0 180
        4 0
        02blue 20
        0 0

# part 2 (5880 - 7680)

    enemy 5880
    250 100 0 0
    0 0 0
    11 0
    3boss 100
    0 0

    # 3 circles

        circ 6000 20 0
        485 240 100 0
        0 18 38
        8 0
        03dred 16
        0 0

        circ 6000 20 0
        74 292 100 0
        0 18 21
        8 0
        03dred 16
        0 0

        circ 6000 20 0
        139 96 100 0
        0 18 28
        8 0
        03dred 16
        0 0

        circ 6120 20 0
        244 198 100 0
        0 18 39
        8 0
        03dred 16
        0 0

        circ 6120 20 0
        55 140 100 0
        0 18 23
        8 0
        03dred 16
        0 0

        circ 6120 20 0
        364 34 100 0
        0 18 27
        8 0
        03dred 16
        0 0

        circ 6240 20 0
        279 120 100 0
        0 18 29
        8 0
        03dred 16
        0 0

        circ 6240 20 0
        404 148 100 0
        0 18 21
        8 0
        03dred 16
        0 0

        circ 6240 20 0
        180 234 100 0
        0 18 35
        8 0
        03dred 16
        0 0

        circ 6360 20 0
        291 128 100 0
        0 18 21
        8 0
        03dred 16
        0 0

        circ 6360 20 0
        69 230 100 0
        0 18 29
        8 0
        03dred 16
        0 0

        circ 6360 20 0
        397 203 100 0
        0 18 31
        8 0
        03dred 16
        0 0

        circ 6480 20 0
        397 117 100 0
        0 18 27
        8 0
        03dred 16
        0 0

        circ 6480 20 0
        92 213 100 0
        0 18 35
        8 0
        03dred 16
        0 0

        circ 6480 20 0
        366 102 100 0
        0 18 40
        8 0
        03dred 16
        0 0

        circ 6600 20 0
        249 290 100 0
        0 18 38
        8 0
        03dred 16
        0 0

        circ 6600 20 0
        134 253 100 0
        0 18 27
        8 0
        03dred 16
        0 0

        circ 6600 20 0
        466 86 100 0
        0 18 30
        8 0
        03dred 16
        0 0

    # 5 circles

        circ 6600 20 0
        397 51 100 0
        0 18 40
        8 0
        03dred 16
        0 0

        circ 6600 20 0
        420 17 100 0
        0 18 20
        8 0
        03dred 16
        0 0

        circ 6600 20 0
        196 232 100 0
        0 18 22
        8 0
        03dred 16
        0 0

        circ 6600 20 0
        19 248 100 0
        0 18 33
        8 0
        03dred 16
        0 0

        circ 6600 20 0
        327 84 100 0
        0 18 37
        8 0
        03dred 16
        0 0

        circ 6720 20 0
        367 91 100 0
        0 18 29
        8 0
        03dred 16
        0 0

        circ 6720 20 0
        110 48 100 0
        0 18 21
        8 0
        03dred 16
        0 0

        circ 6720 20 0
        24 217 100 0
        0 18 24
        8 0
        03dred 16
        0 0

        circ 6720 20 0
        456 183 100 0
        0 18 22
        8 0
        03dred 16
        0 0

        circ 6720 20 0
        435 158 100 0
        0 18 27
        8 0
        03dred 16
        0 0

        circ 6840 20 0
        419 30 100 0
        0 18 27
        8 0
        03dred 16
        0 0

        circ 6840 20 0
        281 65 100 0
        0 18 23
        8 0
        03dred 16
        0 0

        circ 6840 20 0
        449 272 100 0
        0 18 40
        8 0
        03dred 16
        0 0

        circ 6840 20 0
        359 232 100 0
        0 18 30
        8 0
        03dred 16
        0 0

        circ 6840 20 0
        216 52 100 0
        0 18 32
        8 0
        03dred 16
        0 0

        circ 6960 20 0
        408 5 100 0
        0 18 35
        8 0
        03dred 16
        0 0

        circ 6960 20 0
        78 265 100 0
        0 18 40
        8 0
        03dred 16
        0 0

        circ 6960 20 0
        384 283 100 0
        0 18 26
        8 0
        03dred 16
        0 0

        circ 6960 20 0
        428 243 100 0
        0 18 25
        8 0
        03dred 16
        0 0

        circ 6960 20 0
        7 249 100 0
        0 18 38
        8 0
        03dred 16
        0 0

        circ 7080 20 0
        310 258 100 0
        0 18 38
        8 0
        03dred 16
        0 0

        circ 7080 20 0
        144 58 100 0
        0 18 38
        8 0
        03dred 16
        0 0

        circ 7080 20 0
        377 147 100 0
        0 18 39
        8 0
        03dred 16
        0 0

        circ 7080 20 0
        395 93 100 0
        0 18 37
        8 0
        03dred 16
        0 0

        circ 7080 20 0
        483 127 100 0
        0 18 34
        8 0
        03dred 16
        0 0

        circ 7200 20 0
        185 187 100 0
        0 18 39
        8 0
        03dred 16
        0 0

        circ 7200 20 0
        327 121 100 0
        0 18 20
        8 0
        03dred 16
        0 0

        circ 7200 20 0
        341 120 100 0
        0 18 22
        8 0
        03dred 16
        0 0

        circ 7200 20 0
        207 80 100 0
        0 18 20
        8 0
        03dred 16
        0 0

        circ 7200 20 0
        97 80 100 0
        0 18 34
        8 0
        03dred 16
        0 0

# part 3 (7680 - 11280)

    enemy 7200
    250 100 250 300 vector
    0 0 0
    1 0
    3boss 100
    0 0

    enemy 7320
    250 300 0 0
    0 0 0
    33 0
    3boss 100
    0 0

    # red

        circ 7680 60 0
        250 300 100 -10
        105 5.5 25
        5 0
        06red 16
        0 0

        circ 7800 60 0
        250 300 100 -10
        155 5.5 25
        5 0
        06red 16
        0 0

        circ 7920 60 0
        250 300 100 -10
        205 5.5 25
        5 0
        06red 16
        0 0

        circ 8040 60 0
        250 300 100 -10
        255 5.5 25
        5 0
        06red 16
        0 0

        circ 8160 60 0
        250 300 100 -10
        305 5.5 25
        5 0
        06red 16
        0 0

        circ 8280 60 0
        250 300 100 -10
        355 5.5 25
        5 0
        06red 16
        0 0

        circ 8400 60 0
        250 300 100 -10
        45 5.5 25
        5 0
        06red 16
        0 0

        circ 8520 60 0
        250 300 100 -10
        95 5.5 25
        5 0
        06red 16
        0 0

        circ 8640 60 0
        250 300 100 -10
        145 5.5 25
        5 0
        06red 16
        0 0

        circ 8760 60 0
        250 300 100 -10
        195 5.5 25
        5 0
        06red 16
        0 0

        circ 8880 60 0
        250 300 100 -10
        245 5.5 25
        5 0
        06red 16
        0 0

        circ 9000 60 0
        250 300 100 -10
        295 5.5 25
        5 0
        06red 16
        0 0

		circ 9120 60 0
		250 300 100 -10
		345 5.5 25
		5 0
		06red 16
		0 0

		circ 9240 60 0
		250 300 100 -10
		35 5.5 25
		5 0
		06red 16
		0 0

		circ 9360 60 0
		250 300 100 -10
		35 5.5 25
		5 0
		06red 16
		0 0

		circ 9480 60 0
		250 300 100 -10
		345 5.5 25
		5 0
		06red 16
		0 0

		circ 9600 60 0
		250 300 100 -10
		295 5.5 25
		5 0
		06red 16
		0 0

		circ 9720 60 0
		250 300 100 -10
		245 5.5 25
		5 0
		06red 16
		0 0

		circ 9840 60 0
		250 300 100 -10
		195 5.5 25
		5 0
		06red 16
		0 0

		circ 9960 60 0
		250 300 100 -10
		145 5.5 25
		5 0
		06red 16
		0 0

		circ 10080 60 0
		250 300 100 -10
		95 5.5 25
		5 0
		06red 16
		0 0

		circ 10200 60 0
		250 300 100 -10
		45 5.5 25
		5 0
		06red 16
		0 0

		circ 10320 60 0
		250 300 100 -10
		355 5.5 25
		5 0
		06red 16
		0 0

		circ 10440 60 0
		250 300 100 -10
		305 5.5 25
		5 0
		06red 16
		0 0

		circ 10560 60 0
		250 300 100 -10
		255 5.5 25
		5 0
		06red 16
		0 0

		circ 10680 60 0
		250 300 100 -10
		205 5.5 25
		5 0
		06red 16
		0 0

		circ 10800 60 0
		250 300 100 -10
		155 5.5 25
		5 0
		06red 16
		0 0

		circ 10920 60 0
		250 300 100 -10
		105 5.5 25
		5 0
		06red 16
		0 0

    # blue

		circ 7620 18 0
		250 300 100 -10
		105 15 25
		5 0
		03blue 30
		0 0

		circ 7650 18 0
		250 300 100 -10
		105 15 25
		5 0
		03blue 30
		0 0

		circ 7740 18 0
		250 300 100 -10
		155 15 25
		5 0
		03blue 30
		0 0

		circ 7770 18 0
		250 300 100 -10
		155 15 25
		5 0
		03blue 30
		0 0

		circ 7860 18 0
		250 300 100 -10
		205 15 25
		5 0
		03blue 30
		0 0

		circ 7890 18 0
		250 300 100 -10
		205 15 25
		5 0
		03blue 30
		0 0

		circ 7980 18 0
		250 300 100 -10
		255 15 25
		5 0
		03blue 30
		0 0

		circ 8010 18 0
		250 300 100 -10
		255 15 25
		5 0
		03blue 30
		0 0

		circ 8100 18 0
		250 300 100 -10
		305 15 25
		5 0
		03blue 30
		0 0

		circ 8130 18 0
		250 300 100 -10
		305 15 25
		5 0
		03blue 30
		0 0

		circ 8220 18 0
		250 300 100 -10
		355 15 25
		5 0
		03blue 30
		0 0

		circ 8250 18 0
		250 300 100 -10
		355 15 25
		5 0
		03blue 30
		0 0

		circ 8340 18 0
		250 300 100 -10
		45 15 25
		5 0
		03blue 30
		0 0

		circ 8370 18 0
		250 300 100 -10
		45 15 25
		5 0
		03blue 30
		0 0

		circ 8460 18 0
		250 300 100 -10
		95 15 25
		5 0
		03blue 30
		0 0

		circ 8490 18 0
		250 300 100 -10
		95 15 25
		5 0
		03blue 30
		0 0

		circ 8580 18 0
		250 300 100 -10
		145 15 25
		5 0
		03blue 30
		0 0

		circ 8610 18 0
		250 300 100 -10
		145 15 25
		5 0
		03blue 30
		0 0

		circ 8700 18 0
		250 300 100 -10
		195 15 25
		5 0
		03blue 30
		0 0

		circ 8730 18 0
		250 300 100 -10
		195 15 25
		5 0
		03blue 30
		0 0

		circ 8820 18 0
		250 300 100 -10
		245 15 25
		5 0
		03blue 30
		0 0

		circ 8850 18 0
		250 300 100 -10
		245 15 25
		5 0
		03blue 30
		0 0

		circ 8940 18 0
		250 300 100 -10
		295 15 25
		5 0
		03blue 30
		0 0

		circ 8970 18 0
		250 300 100 -10
		295 15 25
		5 0
		03blue 30
		0 0

		circ 9060 18 0
		250 300 100 -10
		345 15 25
		5 0
		03blue 30
		0 0

		circ 9090 18 0
		250 300 100 -10
		345 15 25
		5 0
		03blue 30
		0 0

		circ 9180 18 0
		250 300 100 -10
		35 15 25
		5 0
		03blue 30
		0 0

		circ 9210 18 0
		250 300 100 -10
		35 15 25
		5 0
		03blue 30
		0 0

        # reverse begins

		circ 9270 18 0
		250 300 100 -10
		100 15 25
		5 0
		03blue 30
		0 0

		circ 9300 18 0
		250 300 100 -10
		100 15 25
		5 0
		03blue 30
		0 0

		circ 9390 18 0
		250 300 100 -10
		50 15 25
		5 0
		03blue 30
		0 0

		circ 9420 18 0
		250 300 100 -10
		50 15 25
		5 0
		03blue 30
		0 0

		circ 9510 18 0
		250 300 100 -10
		0 15 25
		5 0
		03blue 30
		0 0

		circ 9540 18 0
		250 300 100 -10
		0 15 25
		5 0
		03blue 30
		0 0

		circ 9630 18 0
		250 300 100 -10
		310 15 25
		5 0
		03blue 30
		0 0

		circ 9660 18 0
		250 300 100 -10
		310 15 25
		5 0
		03blue 30
		0 0

		circ 9750 18 0
		250 300 100 -10
		260 15 25
		5 0
		03blue 30
		0 0

		circ 9780 18 0
		250 300 100 -10
		260 15 25
		5 0
		03blue 30
		0 0

		circ 9870 18 0
		250 300 100 -10
		210 15 25
		5 0
		03blue 30
		0 0

		circ 9900 18 0
		250 300 100 -10
		210 15 25
		5 0
		03blue 30
		0 0

		circ 9990 18 0
		250 300 100 -10
		160 15 25
		5 0
		03blue 30
		0 0

		circ 10020 18 0
		250 300 100 -10
		160 15 25
		5 0
		03blue 30
		0 0

		circ 10110 18 0
		250 300 100 -10
		110 15 25
		5 0
		03blue 30
		0 0

		circ 10140 18 0
		250 300 100 -10
		110 15 25
		5 0
		03blue 30
		0 0

		circ 10230 18 0
		250 300 100 -10
		60 15 25
		5 0
		03blue 30
		0 0

		circ 10260 18 0
		250 300 100 -10
		60 15 25
		5 0
		03blue 30
		0 0

		circ 10350 18 0
		250 300 100 -10
		10 15 25
		5 0
		03blue 30
		0 0

		circ 10380 18 0
		250 300 100 -10
		10 15 25
		5 0
		03blue 30
		0 0

		circ 10470 18 0
		250 300 100 -10
		320 15 25
		5 0
		03blue 30
		0 0

		circ 10500 18 0
		250 300 100 -10
		320 15 25
		5 0
		03blue 30
		0 0

		circ 10590 18 0
		250 300 100 -10
		270 15 25
		5 0
		03blue 30
		0 0

		circ 10620 18 0
		250 300 100 -10
		270 15 25
		5 0
		03blue 30
		0 0

		circ 10710 18 0
		250 300 100 -10
		220 15 25
		5 0
		03blue 30
		0 0

		circ 10740 18 0
		250 300 100 -10
		220 15 25
		5 0
		03blue 30
		0 0

		circ 10830 18 0
		250 300 100 -10
		170 15 25
		5 0
		03blue 30
		0 0

		circ 10860 18 0
		250 300 100 -10
		170 15 25
		5 0
		03blue 30
		0 0

# end (11280 - 11520)

    enemy 11280
    250 300 -100 -100 vector
    0 0 0
    2 0
    3boss 100
    0 0