# wave 1 (0 - 1320)

    # enemy 1 2

        enemy 0
        0 0 70.710678 0
        45 0 0
        1 5
        1red 50
        1 0

        enemy 0
        500 0 70.710678 0
        135 0 0
        1 5
        1blue 50
        2 0

        enemy 120
        50 50 0 0
        45 0 0
        9 5
        1red 50
        1 1

        enemy 120
        450 50 0 0
        135 0 0
        9 5
        1blue 50
        2 2

        enemy 1200
        50 50 70.710678 0
        225 0 0
        1 5
        1red 50
        1 1

        enemy 1200
        450 50 70.710678 0
        315 0 0
        1 5
        1blue 50
        2 2

    # bullet 1 2

        rep 360 24 10
        50 50 200 0
        68 0 68
        5 0
        03dblue 16
        0 1

        rep 360 24 10
        450 50 200 0
        112 0 68
        5 0
        03dred 16
        0 2

        rep 840 24 10
        50 50 200 0
        68 0 68
        5 0
        03dblue 16
        0 1

        rep 840 24 10
        450 50 200 0
        112 0 68
        5 0
        03dred 16
        0 2
    
# wave 2 (1560 - 3240)

    # all 1

        enemy 1560
        200 0 150 0
        90 0 0
        1 5
        1gblue 40
        1 0

        enemy 1680
        200 150 0 0
        90 0 0
        2 5
        1gblue 40
        1 1

        enemy 1920
        200 150 150 0
        180 0 0
        3 5
        1gblue 40
        1 1

        circ 1800 36 0 
        200 150 200 0
        0 10 50
        5 0
        06red 16
        0 1

    # all 2

        enemy 1760
        350 0 150 0
        90 0 0
        1 5
        1gblue 40
        2 0

        enemy 1880
        350 150 0 0
        90 0 0
        2 5
        1gblue 40
        2 2

        enemy 2120
        350 150 150 0
        0 0 0
        3 5
        1gblue 40
        2 2

        circ 2000 36 0 
        350 150 200 0
        0 10 50
        5 0
        06red 16
        0 2

    # all 3

        enemy 1810
        150 0 100 0
        90 0 0
        1 5
        1gblue 40
        3 0

        enemy 1930
        150 100 0 0
        90 0 0
        2 5
        1gblue 40
        3 3

        enemy 2170
        150 100 150 0
        180 0 0
        3 5
        1gblue 40
        3 3

        circ 2050 36 0 
        150 100 200 0
        0 10 50
        5 0
        06red 16
        0 3

    # all 4

        enemy 1900
        100 0 200 0
        90 0 0
        1 5
        1gblue 40
        4 0

        enemy 2020
        100 200 0 0
        90 0 0
        2 5
        1gblue 40
        4 4

        enemy 2260
        100 200 150 0
        180 0 0
        3 5
        1gblue 40
        4 4

        circ 2140 36 0 
        100 200 200 0
        0 10 50
        5 0
        06red 16
        0 4

    # all 5

        enemy 2100
        400 0 200 0
        90 0 0
        1 5
        1gblue 40
        5 0

        enemy 2220
        400 200 0 0
        90 0 0
        2 5
        1gblue 40
        5 5

        enemy 2460
        400 200 150 0
        0 0 0
        3 5
        1gblue 40
        5 5

        circ 2340 36 0 
        400 200 200 0
        0 10 50
        5 0
        06red 16
        0 5

    # all 6

        enemy 2200
        250 0 125 0
        90 0 0
        1 5
        1gblue 40
        6 0

        enemy 2320
        250 125 0 0
        90 0 0
        2 5
        1gblue 40
        6 6

        enemy 2560
        250 125 150 0
        180 0 0
        3 5
        1gblue 40
        6 6

        circ 2440 36 0 
        250 125 200 0
        0 10 50
        5 0
        06red 16
        0 6

    # all 7

        enemy 2250
        200 0 75 0
        90 0 0
        1 5
        1gblue 40
        7 0

        enemy 2370
        200 75 0 0
        90 0 0
        2 5
        1gblue 40
        7 7

        enemy 2610
        200 75 150 0
        180 0 0
        3 5
        1gblue 40
        7 7

        circ 2490 36 0 
        200 75 200 0
        0 10 50
        5 0
        06red 16
        0 7

    # all 8

        enemy 2320
        350 0 50 0
        90 0 0
        1 5
        1gblue 40
        8 0

        enemy 2440
        350 50 0 0
        90 0 0
        2 5
        1gblue 40
        8 8

        enemy 2680
        350 50 150 0
        0 0 0
        3 5
        1gblue 40
        8 8

        circ 2560 36 0 
        350 50 200 0
        0 10 50
        5 0
        06red 16
        0 8

    # all 9

        enemy 2410
        150 0 100 0
        90 0 0
        1 5
        1gblue 40
        9 0

        enemy 2530
        150 100 0 0
        90 0 0
        2 5
        1gblue 40
        9 9

        enemy 2770
        150 100 150 0
        180 0 0
        3 5
        1gblue 40
        9 9

        circ 2650 36 0 
        150 100 200 0
        0 10 50
        5 0
        06red 16
        0 9

    # all 10

        enemy 2500
        100 0 200 0
        90 0 0
        1 5
        1gblue 40
        10 0

        enemy 2620
        100 200 0 0
        90 0 0
        2 5
        1gblue 40
        10 10

        enemy 2860
        100 200 150 0
        180 0 0
        3 5
        1gblue 40
        10 10

        circ 2740 36 0 
        100 200 200 0
        0 10 50
        5 0
        06red 16
        0 10

    # all 11

        enemy 2700
        400 0 200 0
        90 0 0
        1 5
        1gblue 40
        11 0

        enemy 2820
        400 200 0 0
        90 0 0
        2 5
        1gblue 40
        11 11

        enemy 3060
        400 200 150 0
        0 0 0
        3 5
        1gblue 40
        11 11

        circ 2940 36 0 
        400 200 200 0
        0 10 50
        5 0
        06red 16
        0 11

    # all 12

        enemy 2800
        250 0 125 0
        90 0 0
        1 5
        1gblue 40
        12 0

        enemy 2920
        250 125 0 0
        90 0 0
        2 5
        1gblue 40
        12 12

        enemy 3160
        250 125 150 0
        180 0 0
        3 5
        1gblue 40
        12 12

        circ 3040 36 0 
        250 125 200 0
        0 10 50
        5 0
        06red 16
        0 12

    # all 13

        enemy 2850
        200 0 75 0
        90 0 0
        1 5
        1gblue 40
        13 0

        enemy 2970
        200 75 0 0
        90 0 0
        2 5
        1gblue 40
        13 13

        enemy 3210
        200 75 150 0
        180 0 0
        3 5
        1gblue 40
        13 13

        circ 3090 36 0 
        200 75 200 0
        0 10 50
        5 0
        06red 16
        0 13

# wave 3 (3480 - 6000)

    # part 1 (3480 - 4320)

        # all 1

            enemy 3480
            0 200 100 0
            0 0 0
            7 5
            1gred 50
            1 0

            circ 3600 5 0
            100 200 200 0
            50 20 50 homing
            5 0
            01red 16
            0 1

            circ 3720 5 0
            200 200 200 0
            50 20 50 homing
            5 0
            01green 16
            0 1

            circ 3840 5 0
            300 200 200 0
            50 20 50 homing
            5 0
            01red 16
            0 1

            circ 3960 5 0
            400 200 200 0
            50 20 50 homing
            5 0
            01green 16
            0 1
    
    # part 2 (4320 - 5160)

        # all 1

            enemy 4320
            0 150 100 0
            0 0 0
            7 5
            1gblue 50
            1 0

            circ 4440 5 0
            100 150 200 0
            50 20 50 homing
            5 0
            01red 16
            0 1

            circ 4560 5 0
            200 150 200 0
            50 20 50 homing
            5 0
            01green 16
            0 1

            circ 4680 5 0
            300 150 200 0
            50 20 50 homing
            5 0
            01red 16
            0 1

            circ 4800 5 0
            400 150 200 0
            50 20 50 homing
            5 0
            01green 16
            0 1

        # all 2

            enemy 4320
            500 250 100 0
            180 0 0
            7 5
            1gblue 50
            2 0

            circ 4440 5 0
            400 250 200 0
            50 20 50 homing
            5 0
            01green 16
            0 2

            circ 4560 5 0
            300 250 200 0
            50 20 50 homing
            5 0
            01red 16
            0 2

            circ 4680 5 0
            200 250 200 0
            50 20 50 homing
            5 0
            01green 16
            0 2

            circ 4800 5 0
            100 250 200 0
            50 20 50 homing
            5 0
            01red 16
            0 2
    
    # part 3 (5160 - 6000)

        # all 1

            enemy 5160
            500 100 100 0
            180 0 0
            7 5
            1gblue 50
            1 0

            circ 5280 5 0
            400 100 200 0
            50 20 50 homing
            5 0
            01red 16
            0 1

            circ 5400 5 0
            300 100 200 0
            50 20 50 homing
            5 0
            01green 16
            0 1

            circ 5520 5 0
            200 100 200 0
            50 20 50 homing
            5 0
            01red 16
            0 1

            circ 5640 5 0
            100 100 200 0
            50 20 50 homing
            5 0
            01green 16
            0 1

        # all 2

            enemy 5160
            0 200 100 0
            0 0 0
            7 5
            1gred 50
            2 0

            circ 5280 5 0
            100 200 200 0
            50 20 50 homing
            5 0
            01green 16
            0 2

            circ 5400 5 0
            200 200 200 0
            50 20 50 homing
            5 0
            01red 16
            0 2

            circ 5520 5 0
            300 200 200 0
            50 20 50 homing
            5 0
            01green 16
            0 2

            circ 5640 5 0
            400 200 200 0
            50 20 50 homing
            5 0
            01red 16
            0 2

        # all 3

            enemy 5160
            500 300 100 0
            180 0 0
            7 5
            1gblue 50
            2 0

            circ 5280 5 0
            400 300 200 0
            50 20 50 homing
            5 0
            01red 16
            0 2

            circ 5400 5 0
            300 300 200 0
            50 20 50 homing
            5 0
            01green 16
            0 2

            circ 5520 5 0
            200 300 200 0
            50 20 50 homing
            5 0
            01red 16
            0 2

            circ 5640 5 0
            100 300 200 0
            50 20 50 homing
            5 0
            01green 16
            0 2

    # static (3480 - 6000)

        enemy 3480
        250 0 50 0
        90 0 0
        1 0
        1boss 60
        0 0

        enemy 3600
        250 50 0 0
        0 0 0
        20 0
        1boss 60
        0 0

        rep 3600 20 3
        250 50 200 0
        90 0 90
        5 0
        02dblue 16
        0 0

        rep 3840 20 3
        250 50 200 0
        90 0 90
        5 0
        02pink 16
        0 0

        rep 4080 20 3
        250 50 200 0
        90 0 90
        5 0
        02dblue 16
        0 0

        rep 4320 20 3
        250 50 200 0
        90 0 90
        5 0
        02pink 16
        0 0

        rep 4560 20 3
        250 50 200 0
        90 0 90
        5 0
        02dblue 16
        0 0

        rep 4800 20 3
        250 50 200 0
        90 0 90
        5 0
        02pink 16
        0 0

        rep 5040 20 3
        250 50 200 0
        90 0 90
        5 0
        02dblue 16
        0 0

        rep 5280 20 3
        250 50 200 0
        90 0 90
        5 0
        02pink 16
        0 0

        rep 5520 20 3
        250 50 200 0
        90 0 90
        5 0
        02dblue 16
        0 0

        rep 5760 20 3
        250 50 200 0
        90 0 90
        5 0
        02pink 16
        0 0

# boss (6000 - 9480)

    # constant stream

        rep 6000 112 30
        0 0 200 0
        45 0 45
        5 0
        10red 16
        0 0 

        rep 6000 112 30
        500 0 200 0
        135 0 45
        5 0
        10red 16
        0 0 

    # part 1 (6000 - 7920)

        # move

            enemy 6000
            250 50 0 0
            0 0 0
            2 0
            1boss 60
            0 0

            enemy 6240
            250 50 150 200 vector
            0 0 0
            1 0
            1boss 60
            0 0

            enemy 6360
            150 200 0 0
            0 0 0
            2 0
            1boss 60
            0 0

            enemy 6600
            150 200 400 250 vector
            0 0 0
            1 0
            1boss 60
            0 0

            enemy 6720
            400 250 0 0
            0 0 0
            2 0
            1boss 60
            0 0

            enemy 6960
            400 250 250 50 vector
            0 0 0
            1 0
            1boss 60
            0 0

            enemy 7080
            250 50 0 0
            0 0 0
            7 0
            1boss 60
            0 0 

        # set

            circ 6120 20 3
            250 50 0 0
            120 20 60
            8 0
            03aqua 20
            0 0

            circ 6480 20 3
            150 200 0 0
            110 20 60
            5 0
            03green 20
            0 0

            circ 6840 20 3
            400 250 0 0
            115 20 60
            2 0
            03dred 20
            0 0

            circ 7080 20 0
            250 50 0 0
            120 20 60
            1 0
            03aqua 20
            0 0

            circ 7080 20 0
            150 200 0 0
            110 20 60
            1 0
            03green 20
            0 0

            circ 7080 20 0
            400 250 0 0
            115 20 60
            1 0
            03dred 20
            0 0

        # release

            circ 7200 20 0
            250 50 200 -100
            120 20 60
            6 0
            03aqua 20
            0 0

            circ 7200 20 0
            150 200 200 -100
            110 20 60
            6 0
            03green 20
            0 0

            circ 7200 20 0
            400 250 200 -100
            115 20 60
            6 0
            03dred 20
            0 0

    # part 2 (7920 - 9480)

        # move

            enemy 7920
            250 50 250 100 vector
            0 0 0 
            0.5 0
            1boss 60
            0 0 

            enemy 7980
            250 100 0 0
            0 0 0 
            11.5 0
            1boss 60
            0 0

            enemy 9360
            250 100 250 0 vector
            0 0 0 
            1 0
            1boss 60
            0 0

        # waves

            circ 8040 9 15
            200 50 300 -50
            0 15 70
            5 0
            02aqua 25
            0 0 

            circ 8130 9 15
            300 50 300 -50
            180 -15 70
            5 0
            02pink 25
            0 0 

            circ 8220 9 15
            200 50 300 -50
            0 15 70
            5 0
            02aqua 25
            0 0 

            circ 8310 9 15
            300 50 300 -50
            180 -15 70
            5 0
            02pink 25
            0 0 

            circ 8400 9 15
            200 50 300 -50
            0 15 70
            5 0
            02aqua 25
            0 0 

            circ 8490 9 15
            300 50 300 -50
            180 -15 70
            5 0
            02pink 25
            0 0 

            circ 8580 9 15
            200 50 300 -50
            0 15 70
            5 0
            02aqua 25
            0 0 

            circ 8670 9 15
            300 50 300 -50
            180 -15 70
            5 0
            02pink 25
            0 0 

            circ 8760 9 15
            200 50 300 -50
            0 15 70
            5 0
            02aqua 25
            0 0 

            circ 8850 9 15
            300 50 300 -50
            180 -15 70
            5 0
            02pink 25
            0 0 

            circ 8940 9 15
            200 50 300 -50
            0 15 70
            5 0
            02aqua 25
            0 0 

            circ 9030 9 15
            300 50 300 -50
            180 -15 70
            5 0
            02pink 25
            0 0 

            circ 9120 9 15
            200 50 300 -50
            0 15 70
            5 0
            02aqua 25
            0 0 

            circ 9210 9 15
            300 50 300 -50
            180 -15 70
            5 0
            02pink 25
            0 0 
