# wave 1 (0 - 1200)

    # group 1

        enemy 0
        50 0 200 -100
        90 0 0
        4 10
        2blue 40
        1 0

        rep 120 15 8
        50 200 300 -50
        0 0 0 homing
        4 0
        05dblue 16
        0 1

        enemy 0
        100 0 200 -100
        90 0 0
        4 10
        2blue 40
        2 0

        rep 120 15 8
        100 200 300 -50
        0 0 0 homing
        4 0
        05dblue 16
        0 2

        enemy 0
        150 0 200 -100
        90 0 0
        4 10
        2blue 40
        3 0

        rep 120 15 8
        150 200 300 -50
        0 0 0 homing
        4 0
        05dblue 16
        0 3

    # group 2

        enemy 120
        350 0 200 -100
        90 0 0
        4 10
        2blue 40
        4 0

        rep 240 15 8
        350 200 300 -50
        0 0 0 homing
        4 0
        05dblue 16
        0 4

        enemy 120
        400 0 200 -100
        90 0 0
        4 10
        2blue 40
        5 0

        rep 240 15 8
        400 200 300 -50
        0 0 0 homing
        4 0
        05dblue 16
        0 5

        enemy 120
        450 0 200 -100
        90 0 0
        4 10
        2blue 40
        6 0

        rep 240 15 8
        450 200 300 -50
        0 0 0 homing
        4 0
        05dblue 16
        0 6

    # group 3

        enemy 240
        50 0 200 -100
        90 0 0
        4 10
        2blue 40
        7 0

        rep 360 15 8
        50 200 300 -50
        0 0 0 homing
        4 0
        05dblue 16
        0 7

        enemy 240
        100 0 200 -100
        90 0 0
        4 10
        2blue 40
        8 0

        rep 360 15 8
        100 200 300 -50
        0 0 0 homing
        4 0
        05dblue 16
        0 8

        enemy 240
        150 0 200 -100
        90 0 0
        4 10
        2blue 40
        9 0

        rep 360 15 8
        150 200 300 -50
        0 0 0 homing
        4 0
        05dblue 16
        0 9

    # group 4

        enemy 360
        350 0 200 -100
        90 0 0
        4 10
        2blue 40
        10 0

        rep 480 15 8
        350 200 300 -50
        0 0 0 homing
        4 0
        05dblue 16
        0 10

        enemy 360
        400 0 200 -100
        90 0 0
        4 10
        2blue 40
        11 0

        rep 480 15 8
        400 200 300 -50
        0 0 0 homing
        4 0
        05dblue 16
        0 11

        enemy 360
        450 0 200 -100
        90 0 0
        4 10
        2blue 40
        12 0

        rep 480 15 8
        450 200 300 -50
        0 0 0 homing
        4 0
        05dblue 16
        0 12

    # group 5

        enemy 480
        50 0 200 -100
        90 0 0
        4 10
        2blue 40
        13 0

        circ 600 10 0
        50 200 300 -50
        0 36 50 homing
        4 0
        05dblue 16
        0 13

        enemy 480
        100 0 200 -100
        90 0 0
        4 10
        2blue 40
        14 0

        circ 600 10 0
        100 200 300 -50
        0 36 50 homing
        4 0
        05dblue 16
        0 14

        enemy 480
        150 0 200 -100
        90 0 0
        4 10
        2blue 40
        15 0

        circ 600 10 0
        150 200 300 -50
        0 36 50 homing
        4 0
        05dblue 16
        0 15

    # group 6

        enemy 600
        350 0 200 -100
        90 0 0
        4 10
        2blue 40
        16 0

        circ 720 10 0
        350 200 300 -50
        0 36 50 homing
        4 0
        05dblue 16
        0 16

        enemy 600
        400 0 200 -100
        90 0 0
        4 10
        2blue 40
        17 0

        circ 720 10 0
        400 200 300 -50
        0 36 50 homing
        4 0
        05dblue 16
        0 17

        enemy 600
        450 0 200 -100
        90 0 0
        4 10
        2blue 40
        18 0

        circ 720 10 0
        450 200 300 -50
        0 36 50 homing
        4 0
        05dblue 16
        0 18

    # group 7

        enemy 720
        50 0 200 -100
        90 0 0
        4 10
        2blue 40
        19 0

        circ 840 10 0
        50 200 300 -50
        0 36 50 homing
        4 0
        05dblue 16
        0 19

        enemy 720
        100 0 200 -100
        90 0 0
        4 10
        2blue 40
        20 0

        circ 840 10 0
        100 200 300 -50
        0 36 50 homing
        4 0
        05dblue 16
        0 20

        enemy 720
        150 0 200 -100
        90 0 0
        4 10
        2blue 40
        21 0

        circ 840 10 0
        150 200 300 -50
        0 36 50 homing
        4 0
        05dblue 16
        0 21

    # group 8

        enemy 840
        350 0 200 -100
        90 0 0
        4 10
        2blue 40
        22 0

        circ 960 10 0
        350 200 300 -50
        0 36 50 homing
        4 0
        05dblue 16
        0 22

        enemy 840
        400 0 200 -100
        90 0 0
        4 10
        2blue 40
        23 0

        circ 960 10 0
        400 200 300 -50
        0 36 50 homing
        4 0
        05dblue 16
        0 23

        enemy 840
        450 0 200 -100
        90 0 0
        4 10
        2blue 40
        24 0

        circ 960 10 0
        450 200 300 -50
        0 36 50 homing
        4 0
        05dblue 16
        0 24

# wave 2 (1200 - 4800)

    # random bullets

        enemy 1200
        250 0 250 100 vector
        0 0 0
        0.5 0
        2boss 75
        0 0

        enemy 1260
        250 100 0 0
        0 0 0
        29.5 0
        2boss 75
        0 0

        rep 1320 290 12
        250 100 50 200
        0 0 180
        6 0
        04blue 20
        0 0 

        rep 1320 290 12
        250 100 50 200
        0 0 180
        6 0
        04red 20
        0 0 

        rep 1320 290 12
        250 100 50 200
        0 0 180
        6 0
        04green 20
        0 0 

        rep 1320 290 12
        250 100 50 200
        0 0 180
        6 0
        04yellow 20
        0 0 
    
    # wave 1 (1200 - 1920)

        enemy 1200 
        50 0 150 -75
        90 0 0
        4 0
        2blue 40
        0 0

        rep 1440 10 12
        50 150 100 200
        90 0 0
        5 0
        05dred 20
        0 0

        enemy 1200 
        450 0 150 -75
        90 0 0
        4 0
        2blue 40
        0 0

        rep 1440 10 12
        450 150 100 200
        90 0 0
        5 0
        05dred 20
        0 0

        enemy 1320 
        150 0 150 -75
        90 0 0
        4 0
        2blue 40
        0 0

        rep 1560 10 12
        150 150 100 200
        90 0 0
        5 0
        05dred 20
        0 0

        enemy 1320 
        350 0 150 -75
        90 0 0
        4 0
        2blue 40
        0 0

        rep 1560 10 12
        350 150 100 200
        90 0 0
        5 0
        05dred 20
        0 0

        enemy 1440 
        250 0 150 -75
        90 0 0
        4 0
        2blue 40
        0 0

        rep 1680 10 12
        250 150 100 200
        90 0 0
        5 0
        05dred 20
        0 0

    # wave 2 (1920 - 2640)

        enemy 1920 
        50 0 150 -75
        90 0 0
        4 0
        2blue 40
        0 0

        rep 2160 10 12
        50 150 100 200
        90 0 0 homing
        5 0
        05dred 20
        0 0

        enemy 1920
        450 0 150 -75
        90 0 0
        4 0
        2blue 40
        0 0

        rep 2160 10 12
        450 150 100 200
        90 0 0 homing
        5 0
        05dred 20
        0 0

        enemy 2040
        150 0 150 -75
        90 0 0 
        4 0
        2blue 40
        0 0

        rep 2280 10 12
        150 150 100 200
        90 0 0 homing
        5 0
        05dred 20
        0 0

        enemy 2040 
        350 0 150 -75
        90 0 0 
        4 0
        2blue 40
        0 0

        rep 2280 10 12
        350 150 100 200
        90 0 0 homing
        5 0
        05dred 20
        0 0

        enemy 2160
        250 0 150 -75
        90 0 0
        4 0
        2blue 40
        0 0

        rep 2400 10 12
        250 150 100 200
        90 0 0 homing
        5 0
        05dred 20
        0 0

    # wave 3 (2640 - 3360)

        enemy 2640
        50 0 150 -75
        90 0 0
        4 0
        2blue 40
        0 0

        rep 2880 10 12
        50 150 100 200
        90 0 0
        5 0
        05dred 20
        0 0

        enemy 2640 
        450 0 150 -75
        90 0 0
        4 0
        2blue 40
        0 0

        rep 2880 10 12
        450 150 100 200
        90 0 0
        5 0
        05dred 20
        0 0

        enemy 2760
        150 0 150 -75
        90 0 0
        4 0
        2blue 40
        0 0

        rep 3000 10 12
        150 150 100 200
        90 0 0
        5 0
        05dred 20
        0 0

        enemy 2760 
        350 0 150 -75
        90 0 0
        4 0
        2blue 40
        0 0

        rep 3000 10 12
        350 150 100 200
        90 0 0
        5 0
        05dred 20
        0 0

        enemy 2880
        250 0 150 -75
        90 0 0
        4 0
        2blue 40
        0 0

        rep 3120 10 12
        250 150 100 200
        90 0 0
        5 0
        05dred 20
        0 0

    # wave 4 (3360 - 4080)

        enemy 3360
        50 0 150 -75
        90 0 0
        4 0
        2blue 40
        0 0

        rep 3600 10 12
        50 150 100 200
        90 0 0 homing
        5 0
        05dred 20
        0 0

        enemy 3360
        450 0 150 -75
        90 0 0
        4 0
        2blue 40
        0 0

        rep 3600 10 12
        450 150 100 200
        90 0 0 homing
        5 0
        05dred 20
        0 0

        enemy 3480
        150 0 150 -75
        90 0 0
        4 0
        2blue 40
        0 0

        rep 3720 10 12
        150 150 100 200
        90 0 0 homing
        5 0
        05dred 20
        0 0

        enemy 3480
        350 0 150 -75
        90 0 0
        4 0
        2blue 40
        0 0

        rep 3720 10 12
        350 150 100 200
        90 0 0 homing
        5 0
        05dred 20
        0 0

        enemy 3600
        250 0 150 -75
        90 0 0
        4 0
        2blue 40
        0 0

        rep 3840 10 12
        250 150 100 200
        90 0 0 homing
        5 0
        05dred 20
        0 0

    # wave 5 (4080 - 4800)

        enemy 4080
        50 0 150 -75
        90 0 0
        4 0
        2blue 40
        0 0

        rep 4320 10 12
        50 150 100 200
        90 0 0
        5 0
        05dred 20
        0 0

        enemy 4080
        450 0 150 -75
        90 0 0
        4 0
        2blue 40
        0 0

        rep 4320 10 12
        450 150 100 200
        90 0 0
        5 0
        05dred 20
        0 0

        enemy 4200
        150 0 150 -75
        90 0 0
        4 0
        2blue 40
        0 0

        rep 4440 10 12
        150 150 100 200
        90 0 0
        5 0
        05dred 20
        0 0

        enemy 4200
        350 0 150 -75
        90 0 0
        4 0
        2blue 40
        0 0

        rep 4440 10 12
        350 150 100 200
        90 0 0
        5 0
        05dred 20
        0 0

        enemy 4320
        250 0 150 -75
        90 0 0
        4 0
        2blue 40
        0 0

        rep 4560 10 12
        250 150 100 200
        90 0 0
        5 0
        05dred 20
        0 0

# boss (4800 - 11520)

    # pause (4800 - 5280)

        enemy 4800
        250 100 0 0
        0 0 0
        4 0
        2boss 75
        0 0

    # 5 sided spiral (5280 - 6480)

        enemy 5280
        250 100 0 0
        0 0 0
        10 0
        2boss 75
        0 0

        circ 5280 120 8
        250 100 200 0
        0 5 50
        5 0
        06red 20
        0 0

        circ 5280 120 8
        250 100 200 0
        72 5 50
        5 0
        06orange 20
        0 0

        circ 5280 120 8
        250 100 200 0
        144 5 50
        5 0
        06yellow 20
        0 0

        circ 5280 120 8
        250 100 200 0
        216 5 50
        5 0
        06green 20
        0 0

        circ 5280 120 8
        250 100 200 0
        288 5 50
        5 0
        06blue 20
        0 0

        rep 6240 90 0
        250 100 200 0
        0 0 180
        5 0
        06black 20
        0 0      

    # 6 sided spiral (6480 - 7440)

        enemy 6480
        250 100 0 0
        0 0 0
        10 0
        2boss 75
        0 0

        circ 6480 120 8
        250 100 200 0
        0 -4.9 50
        5 0
        06red 20
        0 0

        circ 6480 120 8
        250 100 200 0
        300 -4.9 50
        5 0
        06orange 20
        0 0

        circ 6480 120 8
        250 100 200 0
        240 -4.9 50
        5 0
        06yellow 20
        0 0

        circ 6480 120 8
        250 100 200 0
        180 -4.9 50
        5 0
        06green 20
        0 0

        circ 6480 120 8
        250 100 200 0
        120 -4.9 50
        5 0
        06blue 20
        0 0

        circ 6480 120 8
        250 100 200 0
        60 -4.9 50
        5 0
        06purple 20
        0 0

        rep 7220 90 0
        250 100 200 0
        0 0 180
        5 0
        06black 20
        0 0

        rep 7340 90 0
        250 100 200 0
        0 0 180
        5 0
        06black 20
        0 0
    
    # 6 petal flower (7440 - 8640)

        enemy 7440
        250 100 0 0
        0 0 0
        10 0
        2boss 75
        0 0

        circ 7440 120 8
        250 100 200 0
        3 4.9 50
        5 0
        06red 16
        0 0

        circ 7440 120 8
        250 100 200 0
        3 -4.9 50
        5 0
        06red 16
        0 0

        circ 7440 120 8
        250 100 200 0
        63 4.9 50
        5 0
        06orange 16
        0 0

        circ 7440 120 8
        250 100 200 0
        63 -4.9 50
        5 0
        06orange 16
        0 0
        
        circ 7440 120 8
        250 100 200 0
        123 4.9 50
        5 0
        06yellow 16
        0 0

        circ 7440 120 8
        250 100 200 0
        123 -4.9 50
        5 0
        06yellow 16
        0 0

        circ 7440 120 8
        250 100 200 0
        183 4.9 50
        5 0
        06green 16
        0 0

        circ 7440 120 8
        250 100 200 0
        183 -4.9 50
        5 0
        06green 16
        0 0

        circ 7440 120 8
        250 100 200 0
        243 4.9 50
        5 0
        06blue 16
        0 0

        circ 7440 120 8
        250 100 200 0
        243 -4.9 50
        5 0
        06blue 16
        0 0

        circ 7440 120 8
        250 100 200 0
        303 4.9 50
        5 0
        06purple 16
        0 0

        circ 7440 120 8
        250 100 200 0
        303 -4.9 50
        5 0
        06purple 16
        0 0

    # 6x 3 sided spiral (8640 - 11520)

        enemy 8640
        250 100 0 0
        0 0 0
        24 0
        2boss 75
        0 0

        enemy 11520
        250 100 250 0 vector
        0 0 0
        1 0
        2boss 75
        0 0

        # forwards (8640 - 9840)

            # one

                circ 8640 75 16
                250 100 200 0
                0 8 50
                5 0
                06red 20
                0 0

                circ 8640 75 16
                250 100 200 0
                11 8 50
                5 0
                06orange 20
                0 0

                circ 8640 75 16
                250 100 200 0
                22 8 50
                5 0
                06yellow 20
                0 0

                circ 8640 75 16
                250 100 200 0
                33 8 50
                5 0
                06green 20
                0 0

                circ 8640 75 16
                250 100 200 0
                44 8 50
                5 0
                06blue 20
                0 0
                
                circ 8640 75 16
                250 100 200 0
                55 8 50
                5 0
                06purple 20
                0 0

            # two

                circ 8640 75 16
                250 100 200 0
                120 8 50
                5 0
                06red 20
                0 0

                circ 8640 75 16
                250 100 200 0
                131 8 50
                5 0
                06orange 20
                0 0

                circ 8640 75 16
                250 100 200 0
                142 8 50
                5 0
                06yellow 20
                0 0

                circ 8640 75 16
                250 100 200 0
                153 8 50
                5 0
                06green 20
                0 0

                circ 8640 75 16
                250 100 200 0
                164 8 50
                5 0
                06blue 20
                0 0
                
                circ 8640 75 16
                250 100 200 0
                175 8 50
                5 0
                06purple 20
                0 0
        
            # three

                circ 8640 75 16
                250 100 200 0
                240 8 50
                5 0
                06red 20
                0 0

                circ 8640 75 16
                250 100 200 0
                251 8 50
                5 0
                06orange 20
                0 0

                circ 8640 75 16
                250 100 200 0
                262 8 50
                5 0
                06yellow 20
                0 0

                circ 8640 75 16
                250 100 200 0
                273 8 50
                5 0
                06green 20
                0 0

                circ 8640 75 16
                250 100 200 0
                284 8 50
                5 0
                06blue 20
                0 0
                
                circ 8640 75 16
                250 100 200 0
                295 8 50
                5 0
                06purple 20
                0 0

        # backwards (9840 - 11040)

            # one

                circ 9840 75 16
                250 100 200 0
                0 -8 50
                5 0
                06red 20
                0 0

                circ 9840 75 16
                250 100 200 0
                11 -8 50
                5 0
                06orange 20
                0 0

                circ 9840 75 16
                250 100 200 0
                22 -8 50
                5 0
                06yellow 20
                0 0

                circ 9840 75 16
                250 100 200 0
                33 -8 50
                5 0
                06green 20
                0 0

                circ 9840 75 16
                250 100 200 0
                44 -8 50
                5 0
                06blue 20
                0 0
                
                circ 9840 75 16
                250 100 200 0
                55 -8 50
                5 0
                06purple 20
                0 0

            # two

                circ 9840 75 16
                250 100 200 0
                120 -8 50
                5 0
                06red 20
                0 0

                circ 9840 75 16
                250 100 200 0
                131 -8 50
                5 0
                06orange 20
                0 0

                circ 9840 75 16
                250 100 200 0
                142 -8 50
                5 0
                06yellow 20
                0 0

                circ 9840 75 16
                250 100 200 0
                153 -8 50
                5 0
                06green 20
                0 0

                circ 9840 75 16
                250 100 200 0
                164 -8 50
                5 0
                06blue 20
                0 0
                
                circ 9840 75 16
                250 100 200 0
                175 -8 50
                5 0
                06purple 20
                0 0
        
            # three

                circ 9840 75 16
                250 100 200 0
                240 -8 50
                5 0
                06red 20
                0 0

                circ 9840 75 16
                250 100 200 0
                251 -8 50
                5 0
                06orange 20
                0 0

                circ 9840 75 16
                250 100 200 0
                262 -8 50
                5 0
                06yellow 20
                0 0

                circ 9840 75 16
                250 100 200 0
                273 -8 50
                5 0
                06green 20
                0 0

                circ 9840 75 16
                250 100 200 0
                284 -8 50
                5 0
                06blue 20
                0 0
                
                circ 9840 75 16
                250 100 200 0
                295 -8 50
                5 0
                06purple 20
                0 0
